#Inventor V2.0 ascii

# Produced by Deep Exploration VRML exporter
# Deep Exploration Deep Exploration 5 5.0.4.1779 Release
# http://www.righthemisphere.com/

DEF obj1776 Separator {
MatrixTransform {
matrix
-1 8.74228e-008 0 0
-8.74228e-008 -1 0 0
0 0 1 0
0 0 0 1
}
DEF object1 Separator {
MatrixTransform {
matrix
-4.37114e-008 0 1 0
0 1 0 0
-1 0 -4.37114e-008 0
0 0 0 1
}
DEF object2 Separator {
MatrixTransform {
matrix
-4.37114e-008 -2.64698e-023 1 0
0 1 0 0
-1 0 -4.37114e-008 0
0 0 0 1
}
DEF object3 Separator {
MatrixTransform {
matrix
0.00743087 0.999966 -0.00355712 0
0.999946 -0.0074563 -0.00719106 0
-0.00721734 -0.00350349 -0.999968 0
-1301.97 72.5819 9.55935 1
}
Coordinate3 {
point  [
# points 3
-52.6689 1345.64 9.99999, -62.8089 1345.6 20, -42.6689 1345.6 -0.140018]
}
ShapeHints { creaseAngle 0.610865 }
IndexedFaceSet {
coordIndex [
2, 1, 0, -1
]
}
}
}
}
}
DEF obj1775 Separator {
MatrixTransform {
matrix
-1 8.74228e-008 0 0
-8.74228e-008 -1 0 0
0 0 1 0
0 0 0 1
}
DEF object35 Separator {
MatrixTransform {
matrix
-4.37114e-008 0 1 0
0 1 0 0
-1 0 -4.37114e-008 0
0 0 0 1
}
DEF object5 Separator {
MatrixTransform {
matrix
-4.37114e-008 -2.64698e-023 1 0
0 1 0 0
-1 0 -4.37114e-008 0
0 0 0 1
}
DEF object7 Separator {
MatrixTransform {
matrix
0.00743087 0.999966 -0.00355712 0
0.999946 -0.0074563 -0.00719106 0
-0.00721734 -0.00350349 -0.999968 0
-1301.97 72.5819 9.55935 1
}
Coordinate3 {
point  [
# points 16
-62.8089 1345.6 20, -68.3229 1345.26 20, -42.6689 1344.12 -5.57101, -68.5449 1345.22 20, -73.6459 1344.21 20, 
-42.6689 1342.5 -11.481, -74.5349 1343.91 20, -79.3839 1342.25 20, -84.5479 1339.63 20, -64.3049 1338.79 -1.63601, 
-84.8379 1339.48 20, -85.3919 1339.14 20, -85.9419 1338.79 20, -42.6689 1339.65 -21.889, -42.6689 1338.79 -23.273, 
-42.6689 1345.6 -0.140018]
}
ShapeHints { creaseAngle 0.610865 }
IndexedFaceSet {
coordIndex [
2, 1, 0, -1,2, 3, 1, -1,5, 4, 3, -1,5, 6, 4, -1,9, 8, 7, -1,9, 11, 10, -1,9, 12, 
11, -1,10, 8, 9, -1,5, 13, 9, -1,9, 6, 5, -1,13, 14, 9, -1,7, 6, 9, -1,3, 2, 5, -1,
0, 15, 2, -1
]
}
}
}
}
}
DEF obj1774 Separator {
MatrixTransform {
matrix
-1 8.74228e-008 0 0
-8.74228e-008 -1 0 0
0 0 1 0
0 0 0 1
}
DEF object57 Separator {
MatrixTransform {
matrix
-4.37114e-008 0 1 0
0 1 0 0
-1 0 -4.37114e-008 0
0 0 0 1
}
DEF object8 Separator {
MatrixTransform {
matrix
-4.37114e-008 -2.64698e-023 1 0
0 1 0 0
-1 0 -4.37114e-008 0
0 0 0 1
}
DEF object11 Separator {
MatrixTransform {
matrix
0.00743087 0.999966 -0.00355712 0
0.999946 -0.0074563 -0.00719106 0
-0.00721734 -0.00350349 -0.999968 0
-1301.97 72.5819 9.55935 1
}
Coordinate3 {
point  [
# points 26
-42.6689 1317.8 -40.121, -102.028 1317.43 20, -102.33 1316.81 20, -42.6689 1317.2 -40.458, -105.471 1306.7 20, 
-102.629 1290.55 20, -42.6689 1290.34 -40.458, -104.585 1312.2 20, -52.6689 1259.64 9.99999, -42.6689 1269.15 -24.81, 
-84.4549 1265.56 20, -62.6689 1259.64 20, -84.5519 1265.63 20, -42.6689 1265.62 -21.889, -42.6689 1259.64 -1.91508e-005, 
-64.3049 1338.79 -1.63601, -42.6689 1329.84 -33.297, -42.6689 1338.79 -23.273, -95.9659 1329.84 20, -91.3449 1334.67 20, 
-85.9419 1338.79 20, -101.507 1284.18 20, -89.3699 1268.93 20, -88.4979 1268.33 20, -42.6689 1288.07 -40.458, 
-102.22 1288.23 20]
}
ShapeHints { creaseAngle 0.610865 }
IndexedFaceSet {
coordIndex [
2, 1, 0, -1,0, 3, 2, -1,6, 5, 4, -1,4, 7, 6, -1,7, 2, 6, -1,10, 9, 8, -1,8, 11, 10, -1,
10, 12, 9, -1,8, 9, 13, -1,13, 14, 8, -1,16, 1, 15, -1,15, 17, 16, -1,15, 1, 18, -1,
18, 19, 15, -1,19, 20, 15, -1,6, 22, 21, -1,24, 9, 23, -1,22, 6, 24, -1,23, 22, 24, -1,
21, 25, 6, -1,25, 5, 6, -1,16, 0, 1, -1,12, 23, 9, -1,3, 6, 2, -1
]
}
}
}
}
}
DEF obj1773 Separator {
MatrixTransform {
matrix
-1 8.74228e-008 0 0
-8.74228e-008 -1 0 0
0 0 1 0
0 0 0 1
}
DEF object713 Separator {
MatrixTransform {
matrix
-4.37114e-008 0 1 0
0 1 0 0
-1 0 -4.37114e-008 0
0 0 0 1
}
DEF object1114 Separator {
MatrixTransform {
matrix
-4.37114e-008 -2.64698e-023 1 0
0 1 0 0
-1 0 -4.37114e-008 0
0 0 0 1
}
DEF object15 Separator {
MatrixTransform {
matrix
0.00743087 0.999966 -0.00355712 0
0.999946 -0.0074563 -0.00719106 0
-0.00721734 -0.00350349 -0.999968 0
-1301.97 72.5819 9.55935 1
}
Coordinate3 {
point  [
# points 30
-89.3699 1268.93 20, -101.507 1284.18 20, -103.127 1288.07 34, -84.5579 1265.62 34, -88.4979 1268.33 20, -102.22 1288.23 20, 
-105.471 1306.7 20, -103.127 1317.2 34, -104.585 1312.2 20, -102.33 1316.81 20, -102.629 1290.55 20, -102.028 1317.43 20, 
-95.9659 1329.84 20, -91.3449 1334.67 20, -84.5579 1339.65 34, -85.9419 1338.79 20, -85.3919 1339.14 20, -84.8379 1339.48 20, 
-84.5479 1339.63 20, -79.3839 1342.25 20, -74.5349 1343.91 20, -73.6459 1344.21 20, -62.6689 1345.63 34, -68.5449 1345.22 20, 
-68.3229 1345.26 20, -62.8089 1345.6 20, -84.4549 1265.56 20, -62.6689 1259.64 34, -84.5519 1265.63 20, -62.6689 1259.64 20]
}
ShapeHints { creaseAngle 0.610865 }
IndexedFaceSet {
coordIndex [
2, 1, 0, -1,0, 3, 2, -1,0, 4, 3, -1,2, 5, 1, -1,2, 7, 6, -1,7, 9, 8, -1,8, 6, 7, -1,
6, 10, 2, -1,7, 12, 11, -1,14, 13, 12, -1,12, 7, 14, -1,14, 16, 15, -1,15, 13, 14, -1,
14, 18, 17, -1,17, 16, 14, -1,14, 20, 19, -1,14, 22, 21, -1,21, 20, 14, -1,22, 24, 
23, -1,22, 25, 24, -1,23, 21, 22, -1,27, 3, 26, -1,3, 28, 26, -1,26, 29, 27, -1,19, 
18, 14, -1,11, 9, 7, -1,10, 5, 2, -1,4, 28, 3, -1
]
}
}
}
}
}
DEF obj1772 Separator {
MatrixTransform {
matrix
-1 8.74228e-008 0 0
-8.74228e-008 -1 0 0
0 0 1 0
0 0 0 1
}
DEF object9 Separator {
MatrixTransform {
matrix
-4.37114e-008 0 1 0
0 1 0 0
-1 0 -4.37114e-008 0
0 0 0 1
}
DEF object14 Separator {
MatrixTransform {
matrix
-4.37114e-008 -2.64698e-023 1 0
0 1 0 0
-1 0 -4.37114e-008 0
0 0 0 1
}
DEF object19 Separator {
MatrixTransform {
matrix
0.00743087 0.999966 -0.00355712 0
0.999946 -0.0074563 -0.00719106 0
-0.00721734 -0.00350349 -0.999968 0
-1301.97 72.5819 9.55935 1
}
Coordinate3 {
point  [
# points 19
-42.6689 1329.84 -33.297, -28.6689 1317.2 -40.458, -28.6689 1339.65 -21.889, -42.6689 1317.8 -40.121, -42.6689 1317.2 -40.458, 
-42.6689 1338.79 -23.273, -42.6689 1290.34 -40.458, -28.6689 1288.07 -40.458, -42.6689 1288.07 -40.458, 
-42.6689 1269.15 -24.81, -28.6689 1265.62 -21.889, -42.6689 1265.62 -21.889, -28.6689 1259.64 -2.40313e-005, 
-42.6689 1342.5 -11.481, -28.6689 1345.63 -2.15323e-005, -42.6689 1344.12 -5.57101, -42.6689 1339.65 -21.889, 
-42.6689 1345.6 -0.140018, -42.6689 1259.64 -1.91508e-005]
}
ShapeHints { creaseAngle 0.610865 }
IndexedFaceSet {
coordIndex [
2, 1, 0, -1,1, 3, 0, -1,1, 4, 3, -1,0, 5, 2, -1,1, 7, 6, -1,7, 8, 6, -1,7, 10, 9, -1,
10, 11, 9, -1,11, 10, 12, -1,14, 2, 13, -1,13, 15, 14, -1,2, 16, 13, -1,15, 17, 14, -1,
12, 18, 11, -1,9, 8, 7, -1,6, 4, 1, -1,5, 16, 2, -1
]
}
}
}
}
}
DEF obj1771 Separator {
MatrixTransform {
matrix
-1 8.74228e-008 0 0
-8.74228e-008 -1 0 0
0 0 1 0
0 0 0 1
}
DEF object1116 Separator {
MatrixTransform {
matrix
-4.37114e-008 0 1 0
0 1 0 0
-1 0 -4.37114e-008 0
0 0 0 1
}
DEF object17 Separator {
MatrixTransform {
matrix
-4.37114e-008 -2.64698e-023 1 0
0 1 0 0
-1 0 -4.37114e-008 0
0 0 0 1
}
DEF object23 Separator {
MatrixTransform {
matrix
0.00743087 0.999966 -0.00355712 0
0.999946 -0.0074563 -0.00719106 0
-0.00721734 -0.00350349 -0.999968 0
-1301.97 72.5819 9.55935 1
}
Coordinate3 {
point  [
# points 6
-42.6689 1259.64 -1.91508e-005, -52.6689 1259.64 9.99999, -28.6689 1259.64 34, -62.6689 1259.64 20, -62.6689 1259.64 34, 
-28.6689 1259.64 -2.40313e-005]
}
ShapeHints { creaseAngle 0.610865 }
IndexedFaceSet {
coordIndex [
2, 1, 0, -1,2, 4, 3, -1,3, 1, 2, -1,0, 5, 2, -1
]
}
}
}
}
}
DEF obj1770 Separator {
MatrixTransform {
matrix
-1 8.74228e-008 0 0
-8.74228e-008 -1 0 0
0 0 1 0
0 0 0 1
}
DEF object13 Separator {
MatrixTransform {
matrix
-4.37114e-008 0 1 0
0 1 0 0
-1 0 -4.37114e-008 0
0 0 0 1
}
DEF object20 Separator {
MatrixTransform {
matrix
-4.37114e-008 -2.64698e-023 1 0
0 1 0 0
-1 0 -4.37114e-008 0
0 0 0 1
}
DEF object27 Separator {
MatrixTransform {
matrix
0.00743087 0.999966 -0.00355712 0
0.999946 -0.0074563 -0.00719106 0
-0.00721734 -0.00350349 -0.999968 0
-1301.97 72.5819 9.55935 1
}
Coordinate3 {
point  [
# points 7
-42.6689 1345.6 -0.140018, -28.6689 1345.63 -2.15323e-005, -28.6689 1345.64 17, -62.8089 1345.6 20, -52.6689 1345.64 9.99999, 
-28.6689 1345.64 34, -62.6689 1345.63 34]
}
ShapeHints { creaseAngle 0.610865 }
IndexedFaceSet {
coordIndex [
2, 1, 0, -1,5, 4, 3, -1,4, 5, 2, -1,0, 4, 2, -1,3, 6, 5, -1
]
}
}
}
}
}
DEF obj1769 Separator {
MatrixTransform {
matrix
-1 8.74228e-008 0 0
-8.74228e-008 -1 0 0
0 0 1 0
0 0 0 1
}
DEF object1529 Separator {
MatrixTransform {
matrix
-4.37114e-008 0 1 0
0 1 0 0
-1 0 -4.37114e-008 0
0 0 0 1
}
DEF object2330 Separator {
MatrixTransform {
matrix
-4.37114e-008 -2.64698e-023 1 0
0 1 0 0
-1 0 -4.37114e-008 0
0 0 0 1
}
DEF object31 Separator {
MatrixTransform {
matrix
0.00743087 0.999966 -0.00355712 0
0.999946 -0.0074563 -0.00719106 0
-0.00721734 -0.00350349 -0.999968 0
-1301.97 72.5819 9.55935 1
}
Coordinate3 {
point  [
# points 15
-72.6689 1319.96 34, -84.5579 1339.65 34, -62.6689 1345.63 34, -72.6689 1285.31 34, -84.5579 1265.62 34, -103.127 1288.07 34, 
-52.6689 1285.31 34, -62.6689 1259.64 34, -42.6689 1302.63 34, -52.6689 1319.96 34, -28.6689 1345.64 34, -82.6689 1302.63 34, 
-103.127 1317.2 34, -28.6689 1259.64 34, -28.6689 1302.64 34]
}
ShapeHints { creaseAngle 0.610865 }
IndexedFaceSet {
coordIndex [
2, 1, 0, -1,5, 4, 3, -1,7, 6, 3, -1,10, 9, 8, -1,9, 10, 2, -1,3, 11, 5, -1,3, 4, 
7, -1,0, 9, 2, -1,12, 11, 0, -1,7, 13, 6, -1,13, 14, 8, -1,0, 1, 12, -1,8, 6, 13, -1,
11, 12, 5, -1,8, 14, 10, -1
]
}
}
}
}
}
DEF obj1768 Separator {
MatrixTransform {
matrix
-1 8.74228e-008 0 0
-8.74228e-008 -1 0 0
0 0 1 0
0 0 0 1
}
DEF object1725 Separator {
MatrixTransform {
matrix
-4.37114e-008 0 1 0
0 1 0 0
-1 0 -4.37114e-008 0
0 0 0 1
}
DEF object26 Separator {
MatrixTransform {
matrix
-4.37114e-008 -2.64698e-023 1 0
0 1 0 0
-1 0 -4.37114e-008 0
0 0 0 1
}
DEF object3535 Separator {
MatrixTransform {
matrix
0.00743087 0.999966 -0.00355712 0
0.999946 -0.0074563 -0.00719106 0
-0.00721734 -0.00350349 -0.999968 0
-1301.97 72.5819 9.55935 1
}
Coordinate3 {
point  [
# points 22
-28.6689 1349.15 33.798, -28.6689 1345.64 34, -28.6689 1345.64 17, -28.6689 1345.63 -2.15323e-005, -28.6689 1357.32 -17.768, 
-28.6689 1357.32 17.768, -28.6689 1256.12 33.798, -28.6689 1247.95 17.768, -28.6689 1259.64 -2.40313e-005, 
-28.6689 1339.65 -21.889, -28.6689 1317.2 -40.458, -28.6689 1336.43 -46.518, -28.6689 1288.07 -40.458, -28.6689 1302.63 -57.5, 
-28.6689 1247.95 -17.768, -28.6689 1268.84 46.518, -28.6689 1259.64 34, -28.6689 1302.64 34, -28.6689 1336.43 46.518, 
-28.6689 1302.63 57.5, -28.6689 1268.84 -46.518, -28.6689 1265.62 -21.889]
}
ShapeHints { creaseAngle 0.610865 }
IndexedFaceSet {
coordIndex [
2, 1, 0, -1,5, 4, 3, -1,3, 2, 5, -1,8, 7, 6, -1,4, 9, 3, -1,11, 10, 9, -1,13, 12, 
10, -1,8, 14, 7, -1,17, 16, 15, -1,17, 19, 18, -1,9, 4, 11, -1,13, 20, 12, -1,20, 
14, 21, -1,6, 16, 8, -1,18, 1, 17, -1,10, 11, 13, -1,8, 21, 14, -1,15, 19, 17, -1,
21, 12, 20, -1,18, 0, 1, -1,16, 6, 15, -1,0, 5, 2, -1
]
}
}
}
}
}
DEF obj1767 Separator {
MatrixTransform {
matrix
-1 8.74228e-008 0 0
-8.74228e-008 -1 0 0
0 0 1 0
0 0 0 1
}
DEF object1937 Separator {
MatrixTransform {
matrix
-4.37114e-008 0 1 0
0 1 0 0
-1 0 -4.37114e-008 0
0 0 0 1
}
DEF object29 Separator {
MatrixTransform {
matrix
-4.37114e-008 -2.64698e-023 1 0
0 1 0 0
-1 0 -4.37114e-008 0
0 0 0 1
}
DEF object39 Separator {
MatrixTransform {
matrix
0.00743087 0.999966 -0.00355712 0
0.999946 -0.0074563 -0.00719106 0
-0.00721734 -0.00350349 -0.999968 0
-1301.97 72.5819 9.55935 1
}
Coordinate3 {
point  [
# points 22
-2.90441 1302.52 -57.5548, -2.63266 1336.31 -46.5228, -28.6689 1336.43 -46.518, -2.36594 1357.2 -17.9349, 
-28.6689 1357.32 -17.768, -2.23195 1357.2 17.6999, -28.6689 1357.32 17.768, -28.6689 1349.15 33.798, -2.37158 1336.31 46.4402, 
-2.58115 1302.51 57.3513, -28.6689 1302.63 57.5, -2.90204 1268.72 46.3879, -28.6689 1268.84 46.518, -28.6689 1256.12 33.798, 
-3.09594 1247.83 17.7339, -3.17124 1247.83 -17.8818, -28.6689 1247.95 -17.768, -3.16963 1268.72 -46.6019, 
-28.6689 1268.84 -46.518, -28.6689 1302.63 -57.5, -28.6689 1247.95 17.768, -28.6689 1336.43 46.518]
}
ShapeHints { creaseAngle 0.610865 }
IndexedFaceSet {
coordIndex [
2, 1, 0, -1,4, 3, 1, -1,6, 5, 3, -1,8, 5, 7, -1,5, 6, 7, -1,10, 9, 8, -1,12, 11, 
9, -1,14, 11, 13, -1,11, 12, 13, -1,16, 15, 14, -1,18, 17, 15, -1,17, 18, 19, -1,
19, 0, 17, -1,15, 16, 18, -1,14, 20, 16, -1,13, 20, 14, -1,9, 10, 12, -1,8, 21, 10, -1,
7, 21, 8, -1,3, 4, 6, -1,1, 2, 4, -1,0, 19, 2, -1
]
}
}
}
}
}
